1790891823.3665967
1790891827.8316128
1790891832.2497387
1790891836.6795242
1790891841.1010597
1790891845.5224805
1790891849.9562316
1790891854.4023495
1790891858.8448842
1790891863.265388
1790891867.7143328
1790891872.1495075
1790891876.5638437
1790891880.9772797
1790891885.410061
1790891889.8407176
1790891894.2492855
1790891898.6919055
1790891903.1317627
1790891907.53823
1790891911.9641483
1790891916.3905568
1790891920.8050718
1790891925.214538
1790891929.6554875
1790891934.0837474
1790891938.5096273
1790891942.9452546
1790891947.4039779
1790891951.829607
1790891956.260782
1790891960.6656075
1790891965.0855138
1790891969.513566
1790891973.9311907
1790891978.3454611
1790891982.7798576
1790891987.1899478
1790891991.6307228
1790891996.0485003
